77.0
57.333333333
44.666666667
71.0
53.333333333
76.333333333
74.666666667
53.666666667
43.333333333
65.333333333
87.0
67.0
48.333333333
56.0
84.666666667
84.0
58.666666667
62.0
58.333333333
59.333333333
64.0
56.0
54.0
39.333333333
62.0
57.0
88.333333333
56.0
50.0
59.666666667
47.333333333
57.666666667
49.0
52.0
37.666666667
64.666666667
87.0
54.333333333
55.0
78.333333333
50.666666667
62.333333333
64.666666667
49.333333333
63.666666667
39.333333333
64.666666667
73.666666667
70.666666667
68.0
83.333333333
63.0
68.666666667
49.333333333
69.666666667
62.0
53.333333333
56.666666667
67.0
75.666666667
58.0
70.0
78.333333333
47.333333333
57.666666667
45.666666667
54.0
76.333333333
74.666666667
76.666666667
73.333333333
59.0
53.0
52.0
59.333333333
52.0
70.666666667
74.333333333
61.333333333
77.666666667
66.666666667
66.666666667
63.666666667
83.0
47.666666667
95.0
64.0
70.666666667
63.666666667
46.0
50.666666667
44.0
61.0
64.333333333
61.0
61.0
71.0
45.0
57.666666667
88.666666667
61.666666667
75.666666667
68.666666667
75.333333333
45.0
58.333333333
51.0
71.333333333
80.666666667
73.0
47.333333333
72.0
44.0
68.333333333
62.0
52.333333333
74.0
57.333333333
50.666666667
71.666666667
62.0
56.666666667
54.333333333
66.0
84.0
51.333333333
46.666666667
70.0
68.0
85.0
70.333333333
70.0
90.666666667
70.333333333
59.333333333
52.666666667
58.333333333
63.666666667
65.0
65.666666667
65.666666667
49.0
51.333333333
76.333333333
70.666666667
64.666666667
57.666666667
39.0
60.885135135 62.783783784 64.72972973
